314
845
29
751
565
18
354
483
928
754
981
546
295
512
42
167
63
272
489
134
322
461
147
244
898
316
922
771
574
632
677
881
802
539
744
972
816
837
554
708
397
940
168
333
887
969
775
391
242
811
31
868
978
234
642
93
74
241
564
273
147
465
997
107
80
343
377
327
414
209
817
113
17
202
67
643
250
695
812
777
5
965
869
897
222
369
731
924
43
892
424
140
389
841
344
834
632
613
862
421
226
161
100
88
544
462
41
960
348
495
949
432
651
236
329
924
643
816
209
511
969
976
739
361
176
685
433
832
814
521
665
17
808
683
103
835
230
670
400
265
537
756
223
394
657
306
893
255
51
777
297
168
808
217
879
651
145
449
469
994
749
647
0
159
301
776
685
639
151
45
619
801
158
499
310
202
763
757
943
718
869
808
198
92
779
3
530
766
18
888
775
988
827
740
414
212
460
695
154
496
574
295
758
805
182
104
421
491
261
856
177
517
146
986
445
991
200
930
374
223
218
319
60
122
586
706
446
404
297
858
531
435
8
177
525
904
461
78
280
131
770
736
441
634
800
507
721
893
681
178
289
417
18
402
391
384
23
367
318
937
728
525
444
497
121
613
812
830
792
786
260
428
399
591
842
982
258
303
231
714
746
488
213
449
272
812
989
689
877
142
105
906
718
286
424
713
805
921
303
100
394
104
229
771
40
138
495
415
668
737
898
890
689
615
416
698
103
386
785
771
338
739
42
768
726
999
59
78
815
16
667
653
687
923
446
860
753
630
974
664
99
78
111
416
504
90
956
512
515
208
208
753
968
834
983
689
116
909
787
636
741
654
762
334
539
48
60
667
750
70
802
590
201
937
130
362
292
999
319
944
144
1
269
294
980
512
331
792
812
859
889
406
657
543
841
50
515
291
282
468
594
398
823
76
613
136
966
787
441
930
4
542
755
42
989
495
505
823
706
106
155
734
787
466
111
135
412
886
594
199
125
179
58
634
616
822
240
52
759
726
291
69
46
188
231
263
12
129
861
629
511
298
524
946
181
634
37
50
983
4
132
41
800
947
306
174
731
81
992
236
682
696
678
293
923
112
777
59
317
686
626
557
288
693
291
202
242
203
805
717
286
987
702
13
456
50
270
343
611
400
