456
669
360
11
874
444
976
471
659
880
68
757
130
598
327
115
248
557
992
172
783
644
986
98
837
871
142
233
314
460
98
772
500
214
803
782
892
245
158
542
761
648
549
800
659
513
53
676
338
763
707
662
37
466
319
809
798
262
152
912
290
14
119
307
846
373
336
338
293
716
515
785
719
972
457
616
172
125
26
582
454
136
859
874
267
846
916
205
817
979
808
775
157
563
478
540
84
391
772
19
898
611
907
371
753
887
941
234
761
48
171
156
350
147
379
52
471
869
807
402
939
738
521
209
950
544
602
564
657
399
290
356
983
263
273
632
419
22
612
234
695
356
459
730
256
749
968
681
21
355
218
284
702
325
375
651
418
353
432
485
136
385
30
250
439
268
58
749
921
308
858
107
714
391
176
428
478
436
108
157
145
684
618
952
584
683
366
441
836
217
28
789
567
914
876
769
103
134
842
124
79
765
692
834
45
739
268
959
182
596
613
716
133
788
931
360
355
149
963
158
753
110
937
855
185
461
553
300
170
433
189
443
241
606
69
371
52
949
948
213
971
879
79
257
384
95
177
850
357
57
457
487
388
595
909
255
561
262
264
808
908
985
534
837
963
186
265
465
717
369
860
412
824
276
516
721
332
641
119
569
929
843
412
264
906
643
954
561
605
426
237
129
274
769
995
197
817
558
316
977
449
531
608
95
195
76
378
416
517
301
986
377
162
742
849
812
510
924
813
746
96
741
332
443
584
167
918
362
24
997
163
639
870
255
907
970
271
325
332
785
896
785
662
350
574
654
451
592
893
888
122
220
134
505
794
489
161
813
59
861
674
483
153
150
440
649
226
665
528
203
615
889
112
223
599
820
464
760
342
600
267
372
924
229
658
524
250
71
858
897
448
771
556
325
658
587
642
773
273
208
506
313
485
619
243
804
792
608
179
135
126
79
451
957
889
992
642
194
840
842
662
309
815
777
978
511
403
978
433
550
452
596
393
147
556
276
498
541
830
28
661
471
720
874
434
413
571
385
297
974
257
78
306
758
182
457
360
371
494
190
129
402
982
31
257
494
391
992
123
20
358
374
665
261
335
669
747
857
735
964
715
140
136
143
369
160
895
609
603
567
465
860
260
179
988
663
789
37
811
346
882
814
609
945
955
620
495
291
258
525
664
102
60
33
305
536
440
399
582
252
981
327
184
0
577
951
323
47
867
900
819
592
978
943
126
849
543
873
76
257
188
772
180
57
952
880
977
926
363
239
801
799
820
174
661
925
362
848
748
51
454
608
995
67
104
515
959
579
657
647
211
194
189
644
53
939
699
358
666
581
597
916
2
204
690
448
974
640
491
227
638
727
731
468
695
282
199
125
282
833
276
211
567
804
128
904
776
231
425
894
74
968
258
161
846
504
92
962
303
652
161
372
915
440
860
21
236
959
412
563
433
529
62
672
661
880
218
395
729
393
638
892
917
108
735
556
425
872
847
503
562
7
704
327
201
608
982
782
125
383
826
792
960
645
426
826
615
397
86
571
939
677
102
517
69
205
168
384
647
703
541
532
565
170
131
456
513
245
253
532
518
893
854
831
213
19
644
166
123
533
729
530
412
831
446
524
200
214
264
800
363
225
116
315
179
252
950
539
994
570
349
898
188
214
579
213
458
30
944
295
556
61
926
637
878
740
128
822
825
804
627
689
826
194
966
203
440
239
230
411
591
419
426
596
361
270
878
855
724
306
155
874
407
904
370
112
582
286
33
430
741
954
367
128
776
814
241
94
945
48
767
158
299
972
432
207
75
144
674
167
647
252
271
10
455
772
721
31
135
635
125
352
934
373
325
55
153
578
784
752
729
186
260
719
75
625
692
718
990
401
844
570
207
534
233
659
152
778
22
598
887
622
248
961
338
833
187
275
553
440
142
853
372
746
946
457
651
999
728
381
716
253
88
132
359
230
565
66
622
497
933
993
48
843
655
533
781
154
501
184
603
678
817
930
110
12
420
921
79
217
713
617
483
511
801
849
556
559
687
786
101
235
139
788
351
390
252
814
649
571
390
178
788
559
220
755
892
228
847
731
658
378
620
414
734
964
435
221
626
997
35
823
530
149
812
827
224
468
581
226
460
993
963
28
24
103
523
322
721
445
430
604
169
120
67
366
474
184
875
299
21
444
390
814
585
530
659
729
551
527
340
389
265
823
927
348
851
66
273
814
185
476
438
502
24
494
396
88
898
886
877
905
241
120
234
323
564
335
860
620
7
285
110
562
428
770
199
909
432
548
548
152
401
980
26
222
315
753
489
29
826
595
172
386
217
406
212
537
665
832
460
958
757
441
680
133
354
126
311
458
244
938
575
62
180
954
79
215
950
987
303
843
662
507
116
121
170
928
913
316
163
840
943
116
893
687
340
779
654
551
922
153
443
719
430
908
686
650
849
143
572
786
963
510
803
193
931
755
592
76
155
400
334
333
96
354
587
123
72
727
380
680
964
372
977
430
669
381
667
7
739
793
978
689
448
72
683
618
370
173
887
813
200
266
583
200
580
373
522
257
118
229
921
181
410
392
802
565
384
621
584
350
113
712
204
715
553
480
221
993
120
425
82
327
866
86
896
160
726
431
560
766
212
306
215
636
263
665
713
248
675
888
664
763
896
98
518
638
964
863
538
540
302
660
718
926
574
151
975
119
987
45
807
132
357
585
269
215
473
787
875
681
418
75
447
673
380
521
195
622
555
459
440
788
899
690
695
711
185
937
336
257
374
898
35
401
220
415
924
243
417
482
316
621
97
898
906
357
288
546
920
13
444
656
466
552
520
151
945
956
870
281
678
404
140
868
506
160
775
423
826
387
21
626
120
305
412
800
868
115
992
130
545
857
858
400
452
970
148
838
176
811
136
362
877
826
744
782
190
637
377
758
457
956
737
175
474
304
767
129
145
662
337
979
418
204
344
682
915
167
929
45
623
759
773
632
57
911
287
883
533
676
445
663
960
658
152
596
343
710
294
266
429
435
23
978
15
628
564
999
289
211
403
775
635
452
703
904
174
729
597
273
481
826
585
30
672
520
527
447
68
711
477
838
597
630
725
867
139
868
417
685
52
921
103
15
616
846
356
493
977
770
245
274
350
953
952
864
751
275
897
154
50
919
944
537
20
634
944
929
131
160
291
864
288
814
505
667
338
873
999
412
293
462
331
203
146
679
526
440
736
903
699
299
968
850
988
912
230
604
939
826
107
645
110
779
192
117
116
693
133
898
996
672
527
330
380
529
343
687
759
547
207
287
832
156
176
213
307
110
816
840
339
601
871
157
854
242
320
867
876
338
44
171
158
230
889
274
652
782
794
149
943
715
969
736
429
162
232
643
594
120
92
137
723
593
490
270
414
858
476
964
382
46
692
426
131
856
897
330
382
751
559
973
250
71
561
670
653
569
905
840
414
33
472
460
400
192
786
842
740
366
584
772
718
149
729
650
334
893
194
365
975
591
730
628
84
801
891
244
133
669
74
264
905
326
256
125
454
712
129
175
795
818
73
622
479
75
782
463
363
462
345
256
474
996
494
380
921
317
419
479
552
282
342
583
912
458
470
951
871
174
507
433
679
707
18
566
38
212
105
677
118
146
841
887
99
153
417
59
349
39
478
155
875
148
296
753
288
377
432
95
58
95
494
370
508
444
152
274
294
180
300
49
979
410
246
93
600
706
253
988
244
92
479
451
82
119
37
595
675
808
946
680
17
413
700
167
287
90
853
932
260
687
460
917
62
220
908
615
314
746
982
795
906
752
330
636
352
86
913
71
471
738
742
871
624
365
859
917
58
616
135
649
75
568
437
391
283
443
880
512
872
566
970
636
683
454
852
569
945
991
544
603
206
987
98
632
332
970
797
846
402
883
609
396
672
229
706
66
574
268
277
774
835
795
451
643
331
778
808
607
122
692
925
530
462
440
97
743
89
114
966
400
43
558
504
266
166
504
536
586
243
250
255
386
930
179
742
197
86
769
10
546
983
35
821
160
961
429
903
95
450
352
772
742
561
229
423
807
378
166
988
147
910
410
906
475
327
867
127
308
528
342
374
742
531
774
420
841
677
708
905
541
372
607
785
709
328
221
338
134
415
539
919
841
699
31
123
211
806
631
874
294
878
621
825
622
955
234
854
970
636
532
754
132
322
245
946
367
973
657
917
364
754
716
368
481
598
805
549
127
628
235
354
798
954
771
910
191
650
291
406
909
684
438
574
41
537
268
355
841
234
117
773
469
847
643
506
782
131
257
980
738
868
747
629
400
217
403
801
460
237
437
994
368
424
128
177
152
540
474
48
744
348
950
356
916
281
629
152
507
254
878
317
105
339
699
613
392
768
778
879
579
783
708
148
758
155
477
984
813
808
209
308
463
64
824
537
918
244
901
463
846
396
121
203
928
157
486
359
27
73
635
235
477
77
100
401
179
659
98
414
555
456
382
428
58
352
877
285
871
525
641
43
875
535
397
866
819
837
970
918
579
713
706
761
89
586
256
228
795
787
338
575
494
553
189
892
477
177
932
526
754
240
68
63
364
668
710
222
757
152
314
432
998
205
436
213
561
579
830
803
667
903
418
368
828
974
146
8
508
776
478
263
316
800
945
808
734
424
281
140
314
217
673
743
255
319
44
100
690
987
576
600
621
427
765
644
823
772
25
20
868
47
433
756
625
73
902
395
478
301
929
191
936
932
828
128
930
413
23
713
223
375
308
816
455
227
840
191
908
142
742
667
375
348
729
330
52
321
109
745
359
360
563
971
873
895
903
70
19
489
384
112
453
539
100
527
412
819
453
549
734
257
668
818
747
745
904
580
570
617
779
801
101
294
610
685
10
827
255
391
806
401
708
69
552
82
597
881
824
710
819
467
210
825
785
661
699
732
301
214
238
928
724
278
20
353
666
760
30
431
758
717
960
471
870
557
787
512
515
217
903
554
203
892
508
905
495
800
259
288
249
996
598
199
620
419
256
31
200
80
490
44
248
661
395
385
810
547
132
610
650
812
693
202
371
84
519
765
508
486
927
920
50
915
604
941
503
597
669
578
839
545
402
785
603
99
125
442
333
116
396
372
382
126
359
346
815
192
104
402
506
884
212
890
116
806
524
156
561
440
560
520
996
896
73
439
914
747
57
893
890
986
170
281
91
451
391
343
474
75
435
676
646
174
12
705
249
553
267
240
750
679
643
131
610
160
884
189
249
728
427
240
453
195
280
397
661
470
563
99
656
945
779
70
492
448
861
80
224
745
77
182
466
768
796
249
173
237
359
85
731
719
815
254
779
546
594
718
192
684
574
851
445
366
437
997
776
686
586
189
306
961
70
889
984
509
870
581
394
180
245
763
686
156
346
723
536
428
166
277
559
465
724
707
495
367
245
964
6
579
959
891
789
53
265
6
70
163
813
770
325
16
891
100
100
779
806
458
342
476
6
544
536
497
409
23
471
855
862
992
378
324
232
142
117
465
275
265
534
917
158
6
128
141
501
564
322
944
897
433
732
950
798
19
589
552
994
659
187
738
813
892
408
133
361
794
141
898
543
973
318
129
627
564
369
271
406
454
796
566
878
531
91
494
300
937
411
593
321
548
918
277
846
685
403
898
191
331
257
307
74
38
336
281
114
783
996
483
91
134
14
186
273
724
49
777
82
607
478
457
140
308
277
914
324
750
713
926
308
364
262
304
768
481
33
714
198
797
676
108
231
265
284
552
750
864
601
217
796
609
114
972
110
120
867
103
68
596
460
775
46
995
271
838
357
778
405
480
611
985
293
126
320
267
418
548
930
899
400
261
896
386
811
6
891
941
676
496
225
66
58
967
504
987
880
567
188
396
376
743
597
479
444
597
824
783
348
473
495
761
361
774
576
534
53
547
759
733
421
943
465
981
205
811
310
824
278
577
849
812
758
530
344
395
332
646
467
434
846
668
51
270
25
234
416
946
820
6
838
229
626
218
269
697
370
470
868
806
300
896
866
717
747
678
720
577
889
244
398
863
635
249
577
710
827
164
597
1
876
724
733
226
301
613
316
505
53
174
991
82
87
126
9
708
706
15
250
437
368
732
941
75
497
76
517
421
531
640
811
40
680
529
254
238
901
538
64
953
770
861
553
550
794
1
203
164
305
737
577
51
917
304
772
417
114
945
747
583
926
883
158
923
862
552
367
399
683
303
318
358
397
912
296
815
34
749
579
258
10
488
409
311
738
718
974
502
380
659
487
384
327
264
329
589
944
215
467
879
357
15
650
180
10
18
703
601
778
676
830
913
163
223
470
501
422
425
632
421
329
511
318
845
643
515
777
411
468
888
230
980
670
534
199
646
140
489
674
920
510
516
416
430
942
779
228
393
962
982
597
659
478
161
842
432
597
480
169
712
716
896
501
152
795
553
282
945
289
103
405
408
971
744
12
764
672
168
871
79
788
256
850
187
847
221
937
278
810
236
535
856
541
603
394
561
199
555
374
792
91
881
692
710
740
660
519
880
965
929
468
659
55
299
163
906
144
126
54
131
852
754
749
321
91
964
35
186
903
368
664
847
40
923
980
972
341
925
309
350
441
140
21
849
424
795
228
492
933
529
221
908
50
822
839
628
42
929
970
502
446
300
220
340
674
345
368
151
75
190
329
81
272
323
360
798
106
764
792
308
738
218
338
203
437
269
450
271
918
764
813
187
128
404
725
888
158
46
291
780
906
203
504
829
854
707
328
876
618
123
388
134
466
501
114
69
451
737
178
438
435
954
207
340
498
731
425
538
792
280
347
373
245
824
638
7
991
680
697
512
763
924
771
127
251
342
55
215
256
712
306
837
116
950
429
661
743
421
617
396
556
881
379
823
384
866
502
571
150
829
144
870
361
97
530
779
903
384
47
987
391
910
64
510
639
678
201
810
996
319
676
722
422
469
528
671
231
436
5
740
953
832
535
811
633
160
181
405
308
784
389
503
988
510
277
272
854
596
256
942
764
292
316
273
626
610
836
63
879
458
319
967
826
683
340
697
30
788
671
42
556
802
717
77
324
995
368
13
135
981
111
79
571
208
78
260
244
530
413
189
940
49
847
327
263
835
401
781
893
761
357
925
132
218
923
43
162
596
867
521
396
781
417
888
318
615
557
48
672
858
909
507
360
532
154
104
594
44
260
844
329
652
459
915
784
676
827
459
730
386
683
809
794
967
754
5
960
414
830
873
113
622
146
399
306
919
380
560
592
161
472
760
326
487
804
559
260
907
146
547
785
827
707
665
806
465
182
178
446
432
389
650
437
154
463
908
867
478
968
888
605
471
714
159
497
552
237
862
156
476
338
622
546
186
536
476
218
53
993
187
731
921
821
751
222
369
457
957
785
598
883
959
389
154
364
875
998
643
426
171
740
347
89
215
242
819
814
334
266
960
112
588
699
662
803
277
121
249
202
664
464
570
24
295
180
926
803
386
79
755
94
883
704
323
682
460
820
155
872
356
628
430
453
641
811
114
315
944
282
44
160
416
235
542
60
132
886
583
428
743
762
284
670
25
316
186
825
600
101
589
347
338
611
330
638
62
359
753
760
707
678
926
509
696
918
391
587
427
854
128
562
133
955
66
694
434
963
418
834
470
968
861
795
515
795
681
142
791
41
231
775
763
679
773
927
494
629
704
241
231
778
214
665
890
877
113
473
273
99
40
226
532
537
216
931
68
519
279
25
161
911
241
236
635
353
443
737
877
589
869
585
77
45
645
29
936
636
654
556
555
462
904
411
613
69
336
224
728
693
776
579
614
581
386
194
584
362
437
911
673
474
258
208
377
818
713
603
573
221
460
339
836
929
405
579
925
559
11
350
132
167
784
425
715
94
518
126
453
869
751
278
966
471
236
649
422
214
485
525
348
771
776
657
23
472
941
621
736
428
869
464
35
954
506
301
44
230
786
515
783
590
757
96
287
880
78
113
456
966
279
681
673
490
52
459
656
631
74
173
650
367
304
635
642
603
451
69
342
250
976
823
825
728
931
731
626
10
68
788
52
12
193
961
175
967
710
293
5
82
633
71
502
860
74
387
76
412
895
164
411
125
686
308
64
937
364
745
242
320
635
358
910
453
663
603
92
597
817
506
223
141
333
792
386
400
782
643
22
570
386
798
272
83
192
238
935
219
69
744
539
974
238
10
145
613
783
474
395
769
906
391
684
420
924
250
993
726
217
64
171
960
279
23
314
769
32
306
163
155
10
227
41
121
889
861
410
816
748
899
720
334
836
391
184
827
912
179
919
115
454
262
120
708
908
76
99
307
948
908
888
957
982
711
536
44
368
762
668
33
961
968
567
657
555
608
742
253
758
918
161
282
105
592
665
985
131
159
472
555
584
504
409
125
223
286
916
340
720
766
524
782
323
447
60
245
611
828
99
16
650
895
105
559
518
163
545
907
57
990
726
159
598
489
74
711
919
374
242
908
964
85
373
649
469
218
923
550
505
575
802
686
799
354
12
351
233
842
236
45
313
131
895
83
436
332
192
831
283
689
388
137
456
2
108
72
845
215
720
113
552
262
584
621
915
715
750
381
447
891
840
973
433
148
289
234
853
388
863
657
47
461
679
326
744
634
236
333
541
649
311
225
660
653
440
231
656
871
427
390
267
0
478
477
83
789
791
744
565
167
762
489
54
677
863
527
609
641
610
870
746
965
164
770
713
264
831
897
99
368
703
229
682
733
868
810
468
504
284
226
785
438
733
250
37
413
144
105
542
138
865
797
776
557
347
753
772
706
105
383
887
700
871
390
487
655
326
904
816
482
614
275
988
688
870
290
433
194
79
879
283
98
878
95
659
454
320
650
160
632
281
245
914
942
557
822
294
338
239
619
202
720
959
472
626
999
382
787
379
838
230
229
517
117
821
904
358
61
296
392
257
493
355
223
54
922
142
824
667
762
460
663
240
13
805
460
311
856
979
466
762
47
874
432
199
966
993
348
551
973
917
471
828
958
668
145
360
556
262
289
98
354
328
896
972
228
619
635
296
806
849
212
136
64
224
68
229
106
846
895
816
802
44
787
868
863
200
406
492
417
154
260
592
903
912
194
227
964
365
154
776
502
796
803
403
373
698
788
812
333
193
60
125
720
913
617
413
507
818
76
253
299
660
5
496
980
879
809
120
662
542
660
491
900
334
500
789
474
661
380
566
146
958
57
764
715
753
805
387
911
510
645
889
488
210
889
999
422
938
232
665
175
60
926
94
780
294
579
266
619
966
784
513
846
296
913
191
216
310
297
59
63
217
631
906
19
918
516
463
729
148
965
400
844
114
747
924
297
558
236
408
885
551
293
161
589
668
943
323
17
709
148
776
703
943
524
533
880
958
320
430
816
858
378
962
607
124
791
497
927
130
498
969
778
798
167
984
746
741
456
124
452
403
503
366
226
635
369
238
379
940
787
511
745
680
724
915
342
566
367
641
500
47
931
674
592
749
136
436
706
784
809
966
692
154
712
930
68
770
858
176
224
142
169
247
93
401
168
94
524
452
142
457
490
792
866
135
10
386
751
808
625
480
116
116
181
768
531
15
83
519
291
280
940
870
661
209
851
569
440
49
229
578
65
684
237
970
370
44
92
656
589
33
26
754
950
940
595
255
35
817
337
975
928
643
937
82
843
9
933
957
465
46
998
252
603
966
667
833
392
76
938
314
448
761
466
257
579
816
891
693
228
892
90
493
573
410
277
85
632
315
639
881
831
826
977
198
352
340
798
8
753
717
249
174
748
254
116
458
79
532
287
460
171
653
308
614
366
868
83
954
847
12
983
568
5
920
508
236
317
673
355
548
87
625
803
159
668
196
582
912
917
694
861
338
691
135
105
877
566
435
239
575
420
423
287
975
865
70
873
378
37
921
405
952
215
741
430
472
396
853
337
264
75
896
200
57
320
566
565
735
323
797
205
391
388
384
84
297
614
558
326
36
909
336
913
32
997
580
173
167
864
743
588
893
268
624
428
343
223
543
198
8
7
596
650
950
931
267
929
690
255
237
150
606
592
491
562
402
557
859
260
823
189
653
561
996
243
967
237
887
827
893
222
915
16
780
312
583
971
613
387
280
626
527
942
573
723
901
494
39
867
71
87
92
7
692
757
441
422
308
751
756
969
92
273
284
544
531
629
104
347
305
654
964
457
456
928
915
248
874
367
894
474
682
522
890
809
862
747
575
831
818
231
724
332
368
109
352
180
59
884
764
420
764
221
389
873
915
858
349
14
311
577
504
408
880
890
748
415
513
169
458
219
36
15
226
344
118
131
315
416
345
177
47
972
680
885
836
47
125
462
799
598
502
266
124
816
759
145
688
318
169
728
695
518
455
661
634
538
305
642
472
384
633
976
77
942
67
218
104
693
90
658
886
423
813
419
636
133
577
733
673
345
952
239
282
428
991
964
696
142
61
780
492
808
863
318
42
335
88
959
187
192
782
969
348
218
600
307
844
44
227
577
755
492
988
72
406
113
0
232
823
654
494
894
306
420
918
109
642
330
428
761
649
28
668
223
598
525
305
172
505
154
17
401
394
596
728
48
728
313
533
277
125
544
473
380
958
760
515
563
609
316
273
795
567
556
986
289
985
387
150
963
966
265
62
241
522
653
920
986
555
512
603
824
709
280
729
225
622
31
794
899
547
312
485
235
336
558
802
321
55
241
51
156
368
726
0
286
727
33
265
691
684
930
222
635
659
945
939
154
251
287
311
825
140
426
900
130
113
301
897
701
422
538
722
610
283
213
249
498
126
110
526
303
246
866
154
596
707
615
65
882
668
74
30
65
32
407
240
55
526
92
730
296
328
915
313
746
434
338
302
331
521
312
459
785
982
222
34
566
929
191
145
31
906
766
362
351
779
59
39
68
610
401
339
246
523
503
91
879
393
104
859
164
141
938
13
318
759
720
372
301
417
932
166
922
884
589
912
887
770
216
700
334
258
54
726
483
425
786
140
230
6
77
395
185
14
872
230
290
462
549
858
685
639
987
445
674
572
988
620
926
215
940
220
897
465
824
608
771
896
785
705
851
898
452
284
998
920
887
484
840
830
409
41
27
943
551
857
761
118
967
850
39
111
803
569
32
571
811
877
130
819
599
173
466
371
136
416
319
928
898
171
893
76
849
532
369
46
796
750
948
87
18
581
926
326
855
569
704
654
435
656
485
173
984
428
990
261
439
956
105
616
222
157
909
452
319
873
277
310
839
176
678
218
609
715
975
897
695
776
668
19
284
318
287
404
361
306
556
531
115
651
710
181
77
568
955
73
392
874
170
420
179
452
420
364
960
198
230
154
36
504
721
281
994
724
772
667
190
420
215
714
913
403
892
171
630
319
20
215
751
916
540
436
69
868
10
73
914
378
831
174
556
39
427
865
449
379
488
93
610
325
796
853
293
390
430
807
443
879
772
923
474
835
15
946
872
959
708
108
805
349
623
482
595
752
526
882
773
50
863
992
337
521
255
1
883
329
296
635
120
483
670
809
12
2
951
547
832
502
957
322
411
585
993
592
308
167
749
718
473
636
229
63
399
37
363
626
759
880
151
661
953
279
287
388
240
407
392
121
946
383
801
110
970
692
121
166
443
697
93
513
491
388
295
198
665
900
541
162
981
662
269
623
755
575
755
961
564
868
279
561
481
189
654
220
924
200
163
886
917
153
313
552
989
343
480
465
803
434
137
944
265
0
264
343
458
664
237
915
954
902
783
768
362
308
830
90
614
953
491
302
309
395
174
638
109
73
643
100
904
907
499
46
894
755
474
103
137
452
882
223
823
832
60
736
256
881
270
585
524
13
813
96
455
644
808
872
813
261
270
795
20
300
678
32
66
104
857
733
508
618
390
176
943
736
314
559
303
542
81
631
762
494
518
378
720
39
642
634
882
473
453
994
364
960
150
619
303
198
896
739
551
619
708
147
846
448
517
879
364
858
84
832
284
465
80
934
660
512
385
559
928
503
386
189
643
547
57
715
363
104
660
903
143
941
457
699
808
885
313
614
258
414
363
384
982
890
641
914
253
443
577
259
331
940
554
168
485
162
697
955
728
553
823
92
336
323
368
725
297
299
171
702
878
608
465
985
236
925
924
473
105
797
197
851
551
995
482
207
55
352
714
448
19
950
247
13
181
497
215
524
373
85
254
493
475
163
19
930
793
965
693
142
636
336
138
227
471
322
469
734
812
361
482
421
48
747
222
896
850
396
288
557
960
473
469
678
285
379
237
653
763
287
664
983
705
211
492
374
769
451
303
713
113
609
819
374
659
731
458
104
467
214
183
659
125
521
15
212
273
540
410
758
876
199
362
471
876
79
239
201
608
387
900
20
361
357
857
137
528
572
846
737
14
413
785
411
586
242
93
565
266
347
663
802
682
729
317
506
354
202
214
295
543
950
216
779
72
304
298
183
379
384
670
167
756
757
34
617
105
200
356
524
565
435
400
957
839
232
215
340
134
423
421
301
739
327
903
578
771
22
272
694
400
852
487
93
403
585
766
808
176
6
296
980
69
937
992
618
104
130
843
217
197
874
274
878
521
788
662
686
94
28
671
986
314
667
851
705
78
701
984
340
353
761
414
755
455
351
420
413
9
153
525
452
730
704
822
815
883
895
264
697
203
36
252
383
823
579
312
598
666
269
796
218
705
445
41
508
462
107
727
99
46
2
65
411
153
988
680
651
750
533
808
760
288
636
555
351
177
702
8
448
738
29
432
214
28
438
293
155
174
208
671
688
731
528
172
921
599
426
874
879
894
82
892
232
609
536
136
137
294
145
833
851
794
634
622
67
174
696
566
796
172
907
590
39
468
441
392
50
711
54
985
359
839
753
880
499
921
890
726
655
592
304
902
563
975
487
827
222
739
222
976
962
563
591
768
925
221
703
643
914
606
37
33
774
373
136
622
646
508
320
354
589
20
655
124
556
661
169
66
754
919
973
288
379
887
288
258
501
705
527
616
677
927
50
885
840
675
841
635
174
999
470
744
992
862
217
837
362
22
250
832
76
429
465
616
282
125
18
64
956
150
821
763
272
286
929
714
18
311
8
76
373
677
678
507
140
970
35
663
809
168
104
73
887
131
870
254
67
649
426
270
621
630
396
400
29
688
151
140
104
171
619
820
945
170
718
192
300
188
217
492
582
239
750
664
200
883
816
805
626
685
131
231
149
622
2
923
89
40
391
198
197
117
957
695
676
155
473
714
236
256
175
618
411
558
49
434
370
643
562
569
883
431
361
472
263
371
633
256
776
595
213
109
141
511
993
521
772
788
963
182
145
146
704
836
909
809
524
83
386
493
289
630
259
27
784
940
872
879
670
820
750
588
837
628
581
86
756
486
428
168
385
864
215
117
802
686
680
789
291
655
924
622
521
264
628
772
549
856
643
479
293
266
423
695
980
384
65
311
377
795
815
219
142
660
25
487
207
837
608
237
914
961
658
882
790
996
267
262
651
32
869
503
313
30
392
393
829
853
428
660
478
410
259
489
822
197
812
834
852
379
890
374
310
853
939
237
603
253
292
414
622
784
810
939
935
820
59
189
444
911
859
394
525
497
227
903
293
488
627
91
980
142
944
979
690
689
937
499
949
38
83
703
843
667
253
246
747
512
53
648
238
897
777
420
531
67
106
601
96
616
123
71
525
97
255
824
146
103
824
416
992
725
796
758
469
342
442
806
177
870
539
397
878
88
987
480
428
732
206
321
10
930
655
0
745
432
500
706
570
979
245
472
472
861
676
702
392
668
758
766
237
547
671
816
680
271
868
713
20
256
834
230
159
562
940
427
125
591
897
364
87
915
684
798
945
931
637
147
464
42
453
633
378
794
359
878
16
11
265
786
374
212
490
281
460
507
213
724
53
458
20
410
780
392
496
264
206
649
356
754
346
500
802
269
637
343
757
795
915
32
174
225
848
82
361
328
140
34
943
198
588
862
303
553
973
641
894
264
372
101
38
382
377
709
722
452
890
870
15
929
972
514
941
536
972
528
117
119
603
3
158
215
256
277
608
661
639
664
409
820
255
818
333
756
721
786
264
75
749
275
159
926
455
804
989
485
254
745
705
144
717
49
157
514
499
149
113
881
653
842
254
358
115
643
775
775
479
55
465
854
513
322
995
582
480
170
856
34
676
985
745
458
151
849
8
706
50
465
744
9
643
59
640
339
579
895
990
283
830
167
128
145
524
672
973
396
324
714
882
212
152
116
985
966
132
487
964
509
552
893
815
97
461
862
628
103
236
303
207
949
978
279
146
856
160
567
371
868
694
518
992
407
696
102
349
826
848
607
69
741
859
821
844
478
232
224
413
134
634
904
839
432
999
883
330
55
946
693
72
419
307
299
870
639
133
764
993
74
680
316
390
288
933
13
298
100
447
317
792
732
825
175
225
721
490
582
317
914
597
725
319
700
365
180
999
800
342
216
305
649
663
170
923
600
315
170
324
910
46
312
528
101
741
126
48
515
782
157
278
756
175
419
246
995
586
910
632
390
926
888
617
307
249
671
993
34
657
695
720
384
138
254
434
844
225
691
154
667
55
884
58
499
234
155
72
901
645
669
380
292
760
159
566
389
186
429
972
802
410
776
521
807
518
714
817
639
602
545
681
75
146
14
524
729
435
370
560
742
3
796
920
976
985
337
642
546
991
904
327
36
828
377
243
46
830
409
178
905
900
164
827
530
194
864
697
644
982
442
372
673
855
336
839
620
157
442
266
310
355
349
455
356
449
726
930
265
950
7
329
301
499
137
403
113
155
190
813
510
38
769
263
818
573
629
245
206
367
607
994
398
386
488
247
381
454
179
721
469
883
192
465
224
842
890
21
615
985
803
611
44
624
642
309
93
457
238
944
512
597
650
134
853
729
53
572
733
783
172
358
293
288
567
606
887
631
845
132
277
97
252
871
722
913
73
18
119
328
760
58
95
849
33
667
152
978
239
953
750
471
310
668
446
945
169
694
636
668
869
694
721
246
149
935
780
746
202
186
60
245
375
943
991
816
151
459
866
275
131
515
54
235
484
287
859
667
577
698
564
838
750
686
558
228
209
284
430
930
226
345
198
604
334
716
452
30
728
843
752
376
45
422
583
143
18
11
152
552
820
336
299
792
788
200
713
247
941
484
892
388
91
475
964
953
378
956
890
838
72
784
101
179
192
525
774
663
68
788
146
118
878
964
493
768
107
496
605
76
748
515
698
667
715
324
519
705
255
732
373
517
427
700
813
458
209
268
160
615
878
582
573
993
850
201
549
56
863
810
871
310
36
236
571
92
77
976
805
511
112
616
920
263
430
997
677
209
651
448
807
850
349
877
371
779
501
204
473
13
693
538
705
418
615
604
61
315
133
507
554
71
234
683
297
264
363
597
776
850
116
117
184
21
459
461
58
26
875
664
883
19
0
636
746
994
169
126
618
627
791
593
48
774
704
137
715
60
280
554
402
291
213
862
270
892
6
499
862
882
640
346
689
917
484
116
516
52
79
959
263
505
223
502
270
711
879
159
273
222
696
54
800
655
989
471
335
627
545
529
690
333
151
869
629
168
157
334
875
627
301
354
457
26
185
206
909
118
267
729
368
380
727
687
358
706
374
213
198
30
888
348
106
545
652
102
829
128
303
966
867
252
791
932
906
103
618
710
995
599
568
914
541
208
42
231
686
105
437
20
87
112
271
984
899
241
381
81
755
337
926
664
625
210
152
65
119
719
661
736
332
831
289
191
418
174
195
100
447
839
133
767
461
446
370
441
248
369
268
721
412
935
439
272
729
713
773
788
708
853
598
321
435
585
707
987
28
28
840
617
354
64
36
979
77
476
878
484
598
110
437
2
68
85
188
554
973
229
129
769
677
756
809
133
100
937
49
499
447
76
963
465
101
544
971
515
836
277
93
355
664
571
766
169
679
641
523
538
780
475
393
749
925
993
410
697
355
260
785
322
55
523
58
682
531
260
641
924
52
207
965
427
442
588
177
65
145
941
455
133
471
629
633
148
810
112
605
567
101
820
428
525
887
357
912
239
657
375
440
353
626
884
497
729
633
45
242
824
149
669
508
485
548
162
892
793
495
436
207
837
134
744
809
127
597
518
681
452
410
261
261
959
466
361
717
567
432
59
687
167
57
551
998
431
15
155
455
56
711
379
387
53
153
113
442
909
212
577
586
220
643
531
907
169
88
90
86
923
795
273
82
716
928
581
426
392
866
966
526
222
679
151
189
821
858
733
476
202
279
684
293
981
863
532
431
612
896
906
742
527
591
835
743
427
181
916
779
186
876
198
965
855
772
309
921
999
86
847
986
139
148
257
760
954
218
500
29
139
286
279
83
993
296
318
635
103
141
592
948
466
830
655
271
694
872
921
11
161
160
51
841
235
405
76
630
751
217
879
968
699
709
219
767
235
449
21
714
565
989
605
931
309
238
262
384
776
72
566
743
365
156
221
85
247
455
163
979
872
992
834
669
640
987
403
872
283
598
92
224
184
423
63
859
773
672
549
86
152
528
201
754
769
735
578
961
251
70
416
155
969
353
688
520
581
522
658
305
915
243
992
248
21
88
105
688
976
870
987
395
539
540
558
462
439
309
877
571
882
262
808
650
350
338
21
140
774
992
662
535
225
677
347
695
791
820
248
551
720
303
297
443
732
848
353
857
541
0
626
332
81
835
95
381
491
951
654
438
849
231
297
820
640
232
915
57
563
895
680
634
163
780
437
588
840
560
254
974
414
294
486
155
419
961
209
462
140
338
382
354
759
316
280
53
643
959
4
489
748
804
204
263
459
715
618
528
930
423
24
969
37
547
692
818
692
844
42
859
893
466
673
211
814
235
151
567
608
718
168
20
231
681
730
97
910
656
356
595
143
307
892
238
744
170
256
173
449
127
149
247
546
272
819
238
922
528
714
437
490
218
317
429
624
305
828
52
199
942
311
179
627
502
854
946
538
511
359
506
726
728
847
734
975
794
809
807
22
167
900
699
173
182
86
553
417
943
231
580
145
105
872
722
993
942
682
319
143
351
995
299
830
241
524
868
737
436
486
601
911
164
250
637
324
398
735
316
913
297
878
317
186
630
530
916
429
405
36
931
715
909
874
812
110
16
807
262
306
777
358
281
912
771
240
111
125
79
445
482
394
161
31
36
957
864
226
247
980
712
223
633
169
766
680
347
993
23
134
966
687
349
414
539
574
647
394
606
171
452
891
486
377
900
380
836
493
883
906
413
466
371
248
181
751
181
175
922
308
283
227
890
844
149
696
650
748
566
427
781
770
314
37
933
105
990
890
768
648
916
464
178
586
266
787
867
48
142
861
517
114
384
739
77
670
860
2
771
695
714
992
687
822
572
632
930
582
555
693
110
769
15
295
43
16
745
284
672
192
54
341
546
520
906
633
139
71
350
816
618
218
201
453
842
275
46
383
386
629
607
769
121
892
878
180
676
210
988
918
702
27
96
300
787
658
645
139
88
484
176
476
706
938
621
390
497
221
501
486
737
882
942
329
990
901
151
786
833
425
646
510
339
941
505
501
4
107
389
851
616
674
414
236
920
483
883
63
641
216
397
129
394
392
316
42
375
848
238
437
797
4
541
184
906
778
132
140
154
311
550
998
240
251
738
196
527
816
39
435
140
648
704
517
627
780
869
792
786
593
166
969
773
796
92
728
567
470
853
997
513
851
179
448
779
613
299
478
340
597
21
215
96
865
724
589
101
209
124
151
201
252
563
387
980
616
214
602
934
230
905
884
621
707
362
397
460
578
778
640
619
511
737
455
263
167
37
373
567
268
887
626
770
909
218
366
56
897
24
401
11
516
603
174
329
26
581
984
305
928
549
205
120
90
423
815
519
95
510
905
491
616
824
863
976
656
974
558
914
846
343
914
442
437
104
286
314
236
762
942
133
585
367
249
478
857
650
739
803
691
851
558
893
186
244
432
63
969
748
927
513
921
373
689
96
349
547
129
859
15
691
579
149
571
509
409
146
857
704
998
455
952
865
527
435
94
391
226
524
988
823
758
663
326
295
490
64
944
536
498
586
892
357
35
611
433
154
824
15
501
91
741
512
306
843
305
343
975
566
384
657
965
139
286
969
618
497
856
126
243
244
261
801
665
484
986
677
502
451
674
242
618
481
500
376
686
774
198
709
865
891
768
196
672
989
891
242
944
551
425
150
480
130
782
612
962
812
155
213
280
531
539
647
3
292
983
525
462
925
780
403
857
202
428
536
738
704
730
207
829
828
831
900
84
951
497
552
386
281
387
249
994
614
704
482
581
841
305
346
143
244
142
923
651
401
273
441
365
680
222
924
997
270
374
20
844
254
547
313
990
775
414
156
639
601
284
422
363
436
839
715
118
600
673
761
530
923
619
411
262
410
627
853
147
496
380
299
146
516
671
938
561
305
944
539
493
215
651
704
74
954
837
596
973
964
695
355
994
452
397
114
841
314
773
45
548
901
667
532
427
891
882
241
296
293
500
376
751
821
738
171
165
84
559
489
754
308
630
891
56
383
493
779
811
339
929
161
619
970
553
483
692
538
974
559
583
621
711
225
401
958
820
540
497
881
305
903
495
981
258
61
784
714
85
112
262
841
474
780
292
108
719
796
815
26
57
211
817
863
517
448
519
438
589
983
817
324
526
912
402
739
669
23
85
511
234
127
799
344
421
723
884
37
676
891
810
737
214
815
442
277
770
195
277
514
465
223
258
313
491
98
189
833
805
186
164
907
951
675
643
286
972
778
447
74
379
628
352
699
594
368
151
556
106
69
711
661
85
65
168
371
860
32
830
235
789
93
976
634
922
464
884
580
341
380
464
263
327
676
196
347
280
193
883
360
208
714
329
620
28
729
662
792
333
974
223
805
258
242
766
136
469
674
480
416
307
406
196
144
349
741
100
677
236
695
820
117
993
151
71
274
426
746
328
250
745
824
342
580
558
62
785
745
117
350
633
389
218
508
959
977
97
173
922
190
978
526
171
263
185
502
685
619
812
705
427
622
645
450
174
484
871
597
558
209
934
798
805
400
551
617
347
597
175
719
588
817
487
905
782
98
108
589
935
924
197
570
411
513
965
49
490
48
145
922
568
804
636
8
687
652
557
402
511
378
90
399
933
363
30
285
65
618
685
670
577
89
985
256
235
37
117
528
840
132
486
578
900
390
826
831
986
597
8
667
605
579
431
385
353
318
875
126
687
483
842
479
927
324
172
304
232
151
1
258
699
541
484
840
894
234
69
479
124
800
901
983
593
43
570
570
339
433
378
831
117
792
757
979
381
611
83
878
533
515
212
869
975
582
334
194
513
358
841
436
199
392
383
99
400
287
887
844
689
374
552
557
454
407
339
303
399
306
633
677
111
84
35
997
559
227
489
753
321
292
922
442
577
42
50
523
238
692
577
957
150
185
656
772
119
834
143
5
922
172
890
474
553
832
930
468
273
625
167
596
763
434
187
78
517
217
690
698
342
28
222
136
838
22
679
39
939
494
399
371
952
141
699
209
512
602
989
167
168
507
686
573
979
738
306
770
239
258
244
5
292
36
400
233
981
218
79
739
927
607
293
163
38
458
118
469
295
149
351
275
40
134
946
737
700
305
793
276
794
855
11
943
925
40
308
396
263
145
718
236
566
809
718
891
696
534
113
715
667
671
646
59
301
61
901
659
330
491
12
711
148
583
203
438
237
20
717
206
312
645
623
277
85
856
165
406
11
77
56
646
959
290
516
579
651
276
677
360
922
428
369
351
584
180
336
788
695
964
753
689
492
733
423
675
647
72
432
184
249
468
997
20
280
555
749
351
278
456
717
260
576
960
682
208
914
890
487
389
560
379
898
339
727
274
856
386
65
813
825
422
64
334
478
791
922
302
31
811
634
757
985
19
439
987
389
855
606
853
275
990
539
87
117
287
685
410
768
757
191
323
885
218
226
856
623
579
440
7
476
148
907
261
446
344
132
984
940
78
232
954
713
771
45
170
318
961
994
129
587
993
828
493
960
746
612
325
770
645
878
562
186
396
365
318
239
407
362
117
491
787
372
724
483
664
729
506
872
437
58
937
115
969
860
721
182
113
3
26
933
129
793
595
595
273
636
180
600
622
374
636
496
97
486
944
439
552
380
153
129
903
129
161
814
267
476
369
354
251
425
538
955
27
645
862
491
790
677
346
774
447
939
931
877
612
298
705
8
488
633
380
387
355
755
738
855
369
440
387
945
36
796
897
736
670
933
183
408
367
562
340
147
614
478
988
759
296
92
820
155
659
565
440
107
998
245
594
963
967
403
305
639
376
271
124
105
71
942
985
508
504
320
247
605
89
19
676
482
834
40
748
27
374
579
327
228
875
505
45
564
378
82
968
992
291
189
478
513
697
43
674
852
413
347
198
752
34
693
439
466
580
514
701
396
629
992
54
892
430
900
702
896
526
416
588
184
442
788
268
84
761
144
676
508
211
752
990
182
278
16
641
658
300
487
492
66
564
800
496
157
371
130
545
11
335
594
65
506
688
687
33
726
67
163
725
152
12
929
818
149
80
409
902
351
901
489
740
202
630
142
755
364
518
424
843
87
632
651
451
371
705
609
689
188
947
765
631
643
350
827
846
864
637
148
618
61
251
325
122
678
816
414
442
13
67
216
351
242
166
752
918
351
801
824
697
753
588
365
311
850
28
147
135
732
353
852
65
424
642
567
905
357
229
21
776
764
431
31
249
399
780
932
925
314
492
167
836
713
858
972
345
265
58
707
456
204
199
221
150
268
742
44
485
728
922
255
723
180
197
146
470
362
463
876
598
15
870
138
63
777
171
489
209
292
389
569
62
932
972
732
399
404
27
166
139
133
243
743
469
778
201
971
593
432
387
859
483
307
140
877
861
716
841
782
339
383
951
319
451
952
211
749
822
429
574
842
422
295
75
970
300
650
887
648
303
444
931
614
986
690
480
211
82
838
545
735
90
717
558
411
334
629
258
3
489
59
922
581
971
890
143
195
218
192
371
227
3
186
109
937
829
72
248
882
691
163
102
977
68
451
820
903
993
813
859
267
218
66
539
993
765
27
963
319
612
663
441
306
641
943
394
639
433
801
391
709
475
552
229
40
588
325
511
777
440
471
82
448
622
397
117
212
736
52
266
33
910
261
318
840
750
174
185
892
546
680
849
304
127
112
210
959
677
247
298
891
271
572
428
807
793
306
172
984
489
980
257
270
388
188
644
928
934
563
604
253
509
258
283
599
994
687
128
434
805
604
682
107
236
402
77
259
999
603
364
459
67
588
396
233
970
425
537
672
387
906
231
334
883
915
79
862
440
90
76
838
790
593
785
572
816
780
857
857
12
332
826
111
187
794
126
895
715
199
624
587
756
312
184
674
187
463
523
473
822
708
626
191
501
754
812
593
401
454
699
284
684
107
673
362
52
49
260
203
117
156
733
260
18
296
761
725
816
137
874
653
943
745
925
224
678
59
472
904
466
653
888
953
394
266
300
630
450
653
714
458
619
930
628
809
715
542
911
109
774
623
32
132
960
469
650
822
245
192
728
100
288
507
371
708
100
462
329
377
82
338
771
863
464
958
338
517
610
854
797
443
304
707
873
891
468
405
45
436
342
804
856
657
966
935
922
760
69
491
36
638
760
989
716
135
897
915
473
92
340
69
832
805
324
153
169
782
392
700
705
287
661
316
308
402
88
498
78
9
456
477
967
544
542
465
809
638
99
223
367
289
332
918
220
111
996
431
180
217
54
846
451
706
389
452
288
341
355
970
814
948
754
544
215
341
746
563
685
223
232
828
327
266
695
445
20
364
925
303
183
448
53
112
703
874
756
968
785
341
674
762
572
709
8
319
705
680
240
189
989
654
765
519
765
594
448
431
909
833
787
111
853
912
606
732
240
978
645
763
258
526
738
686
493
287
84
319
896
117
259
805
189
384
958
52
93
245
19
959
867
258
763
729
513
51
120
408
115
527
699
131
246
180
70
10
844
966
67
124
152
831
159
6
160
857
567
271
195
55
773
345
913
114
519
161
425
374
460
264
539
692
259
738
819
355
499
899
582
808
57
897
525
308
745
205
179
276
884
227
724
156
705
321
68
965
459
109
825
934
856
222
742
550
322
917
52
935
931
204
807
150
737
516
611
535
124
509
754
790
472
462
803
312
100
468
415
96
949
983
579
925
807
680
389
536
794
759
646
220
245
826
955
718
1
815
599
404
548
938
32
786
945
762
668
207
353
197
632
430
968
380
780
473
318
946
631
575
720
686
867
854
546
703
701
852
748
559
963
799
374
656
402
829
841
899
122
173
532
744
376
476
984
760
601
292
440
438
406
519
96
468
41
217
257
745
361
283
37
768
5
716
62
780
795
74
846
847
116
758
738
66
446
502
608
583
197
76
138
898
23
627
822
262
602
977
323
907
189
336
658
989
104
535
350
201
168
494
458
96
131
607
974
982
84
863
526
4
764
347
759
297
302
304
965
431
108
347
494
802
923
727
917
708
152
620
253
99
701
580
242
443
868
10
285
576
111
380
500
972
698
263
643
223
94
209
331
877
866
497
429
753
536
434
628
343
185
367
148
542
990
153
586
948
924
828
994
548
211
160
711
531
259
770
875
561
964
994
803
250
944
